56277
59786
39113
35656
29068
55832
23019
17708
22422
13702
72591
29918
56441
38985
17584
23608
19066
22655
4030
15826
15519
10626
23306
40617
49223
30120
12416
34255
23247
25478
29396
18921
15042
38512
40217
26459
18493
20355
25124
35827
21069
25352
20550
20854
38585
38883
29006
34511
30000
15967
21711
25908
34270
25664
21893
36646
85448
43168
48594
48128
18310
37280
27001
31093
28558
27020
27566
18209
409
34984
48455
48229
29204
29867
31426
26519
29289
25962
37295
28303
38166
22929
35847
33996
39537
24129
23414
9966
9759
16041
40379
17117
18047
